# Hyperparameter Evolution Results
# Generations: 4
# Metrics:      0.744      0.65     0.663     0.408    0.0244     0.013   0.00422

lr0: 0.00317
lrf: 0.124
momentum: 0.876
weight_decay: 0.00039
warmup_epochs: 2.0
warmup_momentum: 0.617
warmup_bias_lr: 0.05
box: 0.0314
cls: 0.325
cls_pw: 0.549
obj: 0.306
obj_pw: 0.871
iou_t: 0.2
anchor_t: 3.08
anchors: 4.98
fl_gamma: 0.0
hsv_h: 0.0151
hsv_s: 0.627
hsv_v: 0.499
degrees: 0.362
translate: 0.198
scale: 0.76
shear: 0.638
perspective: 0.0
flipud: 0.00828
fliplr: 0.5
mosaic: 0.911
mixup: 0.252
